 0_1 15 6 1
 0_3 1 15 6
 0_5 6 1 15
 1_0 0 2 7
 1_4 2 7 0
 1_2 7 0 2
 2_1 1 4 3
 2_3 3 1 4
 2_5 4 3 1
 3_0 2 4 9
 3_4 4 9 2
 3_2 9 2 4
 4_1 3 2 5
 4_3 5 3 2
 4_5 2 5 3
 5_0 4 6 11
 5_4 6 11 4
 5_2 11 4 6
 6_1 5 0 15
 6_3 15 5 0
 6_5 0 15 5
 7_1 12 1 8
 7_3 8 12 1
 7_5 1 8 12
 8_0 7 9 12
 8_4 9 12 7
 8_2 12 7 9
 9_1 8 3 10
 9_3 10 8 3
 9_5 3 10 8
10_0 9 11 14
10_4 11 14 9
10_2 14 9 11
11_1 10 5 14
11_3 14 10 5
11_5 5 14 10
12_1 7 8 13
12_3 13 7 8
12_5 8 13 7
13_0 12 14 15
13_4 14 15 12
13_2 15 12 14
14_1 13 10 11
14_3 11 13 10
14_5 10 11 13
15_1 0 13 6
15_3 6 0 13
15_5 13 6 0
